 15.5183  7.07053 -2.51195  15.4666 -6.73617  -2.0166  10.4296 -5.24031  44.3052  10.4141  5.37418  44.4498
 13.6714  5.47955  6.84057  13.2872 -3.51748  11.2482  9.26109 -5.34545  47.7404  8.99479   6.6532  51.0185
 12.9093  5.48233   9.0004   12.189 -1.65199  17.8558   8.9119 -4.77031  46.6996  8.42629  7.27571  53.2704
 12.6228   5.9121  9.66609  11.5593 0.133708  23.7388  8.90239 -4.23724  45.7775  8.22134  8.06155  56.0137
12.3634  5.7582  14.116 10.9657 3.06495 34.5763 8.98651 -4.2882 48.2505 8.16986 9.59076 62.6153
  11.5392  0.153429 -0.397237   8.33326   8.87699   92.4509   8.31149  -10.9035   89.6288         0         0         0
11.6999 3.06479  -13.99 8.70458 1.51215 63.7453 8.08528 -8.4183 86.6346       0       0       0
 11.0116  2.55283  -15.938  8.36858 -1.84963  51.7095   8.1344 -6.84619  84.0527        0        0        0
 10.1309  1.87497  -12.956  8.68826 -2.47738  48.0463  8.54355 -5.87714  79.3518        0        0        0
 9.14783  1.41838 -9.47135  9.29587 -2.44062  46.2015  8.78725 -5.70468   75.136        0        0        0
 8.08812  1.01364 -6.12438  9.90418 -2.50825  43.9461  8.83762 -5.87979   71.402        0        0        0
 6.95088 0.575489 -2.77747  10.3712 -2.82099  40.7869  8.72938 -6.01049  67.4731        0        0        0
 5.71478 0.143113 0.659186  10.6007 -3.32829  36.6269  8.44684 -5.78664  62.6634        0        0        0
  4.33338 -0.178438   4.19359   10.4756  -3.93763   31.3962   7.91203  -4.91942   56.4465         0         0         0
  2.71666 -0.308301   7.92778   9.84323  -4.46938   25.5039   6.97494  -3.26395    48.775         0         0         0
 0.708689 -0.490357   12.4295   8.56124  -4.48235   21.5047   5.41276  -1.25979   40.6684         0         0         0
 -2.02404  -2.28491   18.1702   6.31009   -3.6485   26.2304   2.87934 -0.998751   35.6091         0         0         0
  -5.25587   -4.26142    24.9584    3.38879   -2.15678    33.6041  -0.433434 -0.0620326    29.5747          0          0          0
 -8.99255  -6.08477   32.3489 -0.193178 -0.137648    41.849  -4.63102   2.13773   21.1696         0         0         0
-13.3077 -7.86043  40.5082 -4.47602  2.45199  51.3027 -9.87845  5.54973  10.3424        0        0        0
-18.2712 -9.92398  50.0366 -9.57986  5.63185  62.8481 -16.2984  9.98769  -2.2273        0        0        0
-23.9166 -12.8417  61.8294 -15.7759  9.22867  77.2631 -23.9243   15.321 -15.5364        0        0        0
 -30.234  -17.565   77.189 -23.6261    12.69   95.031 -32.6874  21.5365 -28.3365        0        0        0
-37.1651 -25.9801  99.6295 -34.1143  15.2018   117.81 -42.4265  28.4069 -37.6493        0        0        0
-46.0704 -42.1431   141.24 -49.6152  16.9234  153.219 -53.4065   29.883 -19.0444        0        0        0
 0.592625 -0.334682   2.13975    9.0012 -0.122775   52.3133   9.61083 -0.419772   51.6165         0         0         0
 50.5302  13.4084  44.8282        0        0        0  50.5185 -47.6178  113.967   14.446  1.50985  93.0961
 38.3912  27.3973 -4.57404        0        0        0  40.7562 -33.8407  92.3207 -1.63437   6.7449  94.4842
 31.2799  30.0602 -17.8908        0        0        0  33.4379 -24.1843  69.6499   -6.538   6.9302  86.9171
 26.3682  28.7034 -16.6082        0        0        0  27.6791  -18.737  54.4962 -6.94739   5.0415  76.8364
  22.706  25.7599 -9.69129        0        0        0  22.9808 -15.7266  45.0675  -6.5085  2.56169  67.6134
  19.8518   22.4022  -1.21595         0         0         0   19.0016  -13.7815    38.779  -6.17862 0.0556569    59.672
 17.4926  19.2803  6.75542        0        0        0  15.4736 -12.1715  33.9131 -6.00661 -2.29337  52.5944
 15.3464   16.827  13.0907        0        0        0    12.18   -10.55  29.5958 -5.94455 -4.36571  46.0447
 13.1523  15.3657  17.2538        0        0        0   8.9505 -8.78886   25.571 -6.07529 -5.99675   40.023
  10.781  14.9637  19.6987        0        0        0  5.68639 -6.99441  22.0391 -6.65343 -7.00481  34.9985
 8.62423  14.7933  23.3122        0        0        0  2.33927 -5.60132  18.7855 -8.01992 -7.43833  32.0304
 8.43662  11.4539  35.7749        0        0        0 -1.65623 -5.04893  10.2925 -10.1449 -8.38188  32.5055
 8.60647  8.34277  50.0423        0        0        0 -6.22064  -4.7439  1.22726 -13.0552 -8.66825   35.012
  8.4883  6.31165  63.4705        0        0        0 -11.5685 -4.27503 -8.62016 -16.4559 -8.21036  38.5082
 8.00686  5.22208  76.1746        0        0        0 -17.8594 -3.58045 -19.8067 -20.2612 -7.11259  42.7418
 7.37321   4.6031  89.5219        0        0        0 -25.1863 -2.77408 -32.6675 -24.6179 -5.43862  48.0495
 7.00767  3.77954    105.6        0        0        0 -33.5904 -2.00973 -47.4688 -30.0277 -3.14811  55.4776
     7.5978     1.76497     127.393           0           0           0    -42.9768    -1.48853    -64.1936    -37.7174 -0.00207759     67.4054
 10.4054 -3.11149  160.215        0        0        0 -52.7278 -1.77282 -80.9673 -50.6551  4.81438  89.3716
  18.648 -15.0346  216.803        0        0        0 -61.1054 -3.43725 -92.2229 -78.4028  15.0721  138.409
  19.1885 -0.893989   58.5639         0         0         0 -0.783676 -0.490549  -0.17988  -20.7887 0.0615236   51.1732
  15.856  16.6388 -27.8738  28.8027 -3.03666  3.40423  39.4855 -13.1616  68.7132 -3.53887    9.607  61.7425
   14.972   13.7528  -17.3533   20.3927 -0.637589   11.8391   36.2537  -13.4729   68.9472  -5.56676   7.99515   58.8634
 15.5279  10.3506 -5.11452  15.7562 -0.38951  15.2758  34.1651 -14.1248  69.2833 -3.91208  5.01972  51.0938
  18.1287   5.41329   12.3684   12.7487 -0.925014   17.8778   34.9039  -17.6491   77.8389 -0.373633  0.553536   42.0063
 24.6228 -3.10185  43.6704  8.19603 0.539016  27.1589  41.6861  -28.857  108.072  4.24195 -6.40003  34.2025
  31.469 -7.36454  101.881  16.7385  12.3992 -4.19914        0        0        0   -41.11  8.37518  118.977
  21.1213    1.2943   59.4696   18.0699   8.86302  -7.93277         0         0         0    -23.75 -0.668768   85.3658
 15.3987  5.60587  41.1734  15.7134  8.37114 -7.26255        0        0        0 -19.2132  -3.4441  74.1281
 14.4763  6.63229  37.4071  12.2574  7.83592 -3.55481        0        0        0 -16.2219 -4.77794  66.2745
  14.6771   6.73015   37.2396    9.0308   7.30063 -0.088037         0         0         0  -14.3071  -5.36586   60.5567
 14.7788  6.65554  37.2352  6.13962  6.90912  2.80257        0        0        0 -12.8377 -5.78228  55.5906
 14.5648  6.52369  36.7722  3.48661  6.58998  5.27354        0        0        0 -11.3726 -6.41039  50.3307
 14.0505  6.28356  35.8541 0.995899   6.1909   7.4427        0        0        0 -9.62277 -7.54789  43.9997
 13.1911  5.87651  34.4304 -1.41861  5.62714  9.47272        0        0        0 -7.42971 -9.46627  36.0903
  11.934  5.23791  32.6783 -3.92557  4.99394  11.6832        0        0        0 -4.93963 -12.2784  26.7728
 10.7352  4.20293  32.4972 -6.82487  4.72075  14.3698        0        0        0  -3.1185 -15.4049  18.0115
 10.9877  2.95873  39.2571 -10.2613  6.14522  15.9694        0        0        0 -4.96721  -15.908  15.9418
 11.5535  1.38115  47.6603 -14.4631  8.02937  18.8412        0        0        0 -7.00373 -17.0602  13.3215
  11.7435 -0.232806   55.5485  -19.4105   9.99115   23.0746         0         0         0  -8.57552  -19.4535   8.39902
 11.5311 -1.75854  62.9808 -25.2846  12.1605  29.0131        0        0        0 -9.88861  -22.911  1.43523
 10.9087 -3.09662   70.494 -32.4774  15.1622  37.6709        0        0        0 -11.4312  -27.119 -6.37176
 9.61821  -4.0455  78.5412 -41.5874  20.2313  50.8544        0        0        0 -13.8707 -31.7033 -13.0144
 6.93023 -4.16861  87.1977 -53.4703  29.4637  71.3398        0        0        0 -18.2084 -36.0389 -15.1798
 2.18966 -3.08523  97.1377 -69.4176  45.8656  103.049        0        0        0 -26.5136 -38.3936   -6.479
-4.30142  -1.0329  110.637 -90.0452  70.8442  143.284        0        0        0 -48.6135 -28.9927  36.7705
  39.3563  -4.19343   71.2948  0.885693  0.126255   1.28734         0         0         0  -10.1347 -0.237922   46.9804
       0        0        0  64.6303 -21.6622  20.0438  32.1437 -11.5431  148.244  24.8803  43.8803  126.856
       0        0        0  62.8443 -28.0861 -16.8838  21.4064 -14.0007  120.788  18.3095  29.9424  103.492
       0        0        0  53.3191 -24.7398 -21.3078  15.7493 -11.4555  97.7919  15.5559  21.5125  80.2665
       0        0        0  42.1409 -19.8793 -15.5637  11.5933 -8.40189    78.48   12.407  15.6381  63.2884
       0        0        0  31.0232 -14.4766 -4.97914   8.1106 -5.26971  63.5062  9.31413  11.7545  50.0872
       0        0        0  21.0707 -9.51282  6.46334   4.8569  -2.6274   52.108  6.38605  8.84415  39.3701
        0         0         0   12.6669  -5.42111   16.8242   1.81959 -0.551562   43.2411   3.77111    6.3392   29.9782
        0         0         0   5.86003  -2.49407   25.0045 -0.954173  0.974338   36.0252   1.46439   3.90926   21.2904
        0         0         0  0.476996  -0.88671    30.623    -3.475   1.93599    30.028 -0.630141   1.37779   13.1255
        0         0         0   -3.8674 -0.481714   34.3641  -5.81737   2.29081   25.4787  -2.63992  -1.24043    5.7042
        0         0         0  -7.79684 -0.426029   38.7923  -8.05176     2.178   23.5362  -4.53892  -3.53638 -0.766185
       0        0        0 -11.9622  2.09327  48.8848 -9.91236   2.7992  26.0739 -5.39893   -4.258 -8.70745
       0        0        0 -15.9085  4.33667  60.2367 -11.4646  3.11416  30.5927 -6.27491 -4.69266 -15.7333
       0        0        0 -19.4131  5.71632  70.6183 -12.7541   3.0586  35.6412 -7.19816 -5.32741  -22.424
       0        0        0  -22.538   6.3753  79.7525  -13.838  2.75313  40.7467 -8.13373 -6.18228 -29.0117
       0        0        0 -25.4759   6.7574  88.6043 -14.7566  2.31073  46.0598 -9.03426 -7.07738  -35.317
       0        0        0 -28.4512  7.56806  98.9657 -15.6167   1.7151   52.512 -9.80114 -7.75014 -40.9299
       0        0        0 -31.6865  9.87247  113.318 -16.7909 0.602616  62.5413 -10.3048 -7.86661 -45.0347
       0        0        0  -35.476   15.175  135.003 -19.2691 -2.14998   81.609 -10.6043 -6.85201 -45.3183
       0        0        0 -40.0943  27.0052  172.355 -24.2579 -8.86506  118.196 -9.66226 -4.20462  -41.522
        0         0         0  -3.59489  -1.43379    51.171   -2.4608  -0.23677   50.8219  0.190897  0.639464 -0.935607
 -1.47655  -1.44749   30.2004  -1.78322  0.408229    29.888   -1.5374 -0.980284   30.0051  -2.06966   1.37478   31.3433
-1.61427 -1.38617  31.4084 -1.68918 0.912898  31.6862 -1.29478  -1.2083  28.8547 -1.24785 0.581132  28.6669
-1.75218 -1.37309  31.2201 -1.80075 0.910588  31.4588 -1.52569 -1.28774  29.2221 -1.43431 0.548582  28.8568
-1.86252 -1.35195  30.8832  -1.8971 0.793297  30.8972 -1.63305 -1.18667  28.8671 -1.56868 0.471514  28.4855
 -1.88085   -1.1514   29.7052  -1.89772  0.488591    29.447  -1.66107 -0.941385   27.7457  -1.62676  0.257787   27.3309
-0.993824 -0.187608    3.2368 -0.991142  0.162387    3.2144 -0.994837 -0.185031   3.24382 -0.992114  0.160521   3.22345
 42.7775  22.9784 -49.3493  38.6483 -7.43604 -16.4739  22.7498 -10.3694   66.427  20.1969  16.7569  89.9009
 34.0751  16.3892 -26.9575   30.633 -4.87333 -1.38273  18.1765 -9.53033  66.7441  15.4871  15.7104  87.6701
 27.6287  12.5009 -13.6937  24.8602 -3.22686  7.37764  15.1605 -8.32008  62.5308   12.927  13.6645  80.2539
 22.3357  9.70009 -3.75109  20.1369 -1.63558  14.6522  12.6899 -7.31096  58.5418  11.0632  11.7232  73.3537
 17.3993  7.00507  7.64551  15.7795 0.959181  25.2822  10.2535 -7.16285  57.4682  9.61209  10.0028   68.795
 12.2875 0.137726 -4.27177   10.706  7.11966  83.1184  8.85872 -11.2977  88.5669        0        0        0
 9.28066 0.894269 -10.4216  8.93201 0.632119  60.7518   6.3371  -8.8101  86.2961        0        0        0
  6.33901 -0.696841  -8.42414   7.24269  -2.18056   51.2492   5.43696  -6.33635   80.7477         0         0         0
 3.86685 -1.88537 -3.27455  6.74526 -2.46938  48.2667  5.46809 -4.54125  73.0698        0        0        0
 1.83938 -2.60064  1.55823  6.92011 -2.21086  46.4794  5.51349 -3.73913  66.4555        0        0        0
0.161945  -3.1306  5.67436  7.36171 -2.13489  44.1376  5.46089 -3.46942  61.0335        0        0        0
-1.26424 -3.60411   9.2815  7.84384 -2.36683  40.8947   5.3395 -3.30502   56.119        0        0        0
-2.53637 -4.00048  12.5222  8.21453 -2.84538  36.6986  5.14043 -2.89904  50.9688        0        0        0
-3.76334 -4.22425  15.4725  8.32114 -3.45989  31.5247  4.78863 -1.93646   45.006        0        0        0
 -5.09299  -4.20489   18.3588   7.98658  -3.99957   25.8309   4.12604 -0.267671   38.1451         0         0         0
-6.74026 -4.21536  21.9663  7.04248 -4.00312  22.0567   2.9058  1.64382  31.2625        0        0        0
-9.08049 -5.96169  27.0746  5.09059 -3.26221  26.3555 0.715873  1.70482  27.0975        0        0        0
-11.9028 -7.87807   33.213  2.48884 -1.87367  33.1078  -2.1971  2.36859  22.1539        0        0        0
 -15.2218  -9.61614   39.8482  -0.75656 0.0148938   40.5726  -5.92261   4.24855    15.043         0         0         0
-19.1287 -11.2788  47.1438 -4.70012   2.4392   49.016  -10.634  7.31015  5.58121        0        0        0
-23.7173 -13.2194  55.7624 -9.48519  5.43081  59.3244 -16.4794  11.3712 -5.64949        0        0        0
 -29.043 -16.0707  66.7913 -15.4089   8.8544  72.4747 -23.5197  16.2784 -17.5818        0        0        0
 -35.123 -20.9223  81.8924  -23.067   12.221  89.3701 -31.7121  21.9374  -28.588        0        0        0
 -42.074 -29.6854  104.341 -33.6018   14.684  111.425 -41.0323  28.0315 -35.2696        0        0        0
-51.8229 -45.0282  142.341 -49.5941  16.0375  141.913 -52.9238  30.4263 -22.6148        0        0        0
-0.768598 -0.143502  -4.55486   12.7963  0.656297   54.5732   14.0241  0.332367   56.4992         0         0         0
 51.1605  16.9017  28.7797        0        0        0  49.2114 -44.6076  109.486  18.6363 0.587027  86.2297
 40.2268  26.8165 -5.03953        0        0        0  39.5995 -32.9727  92.2827 0.296749  5.52069  90.5223
 33.3422  28.2049 -12.8914        0        0        0  32.3328 -24.2146   71.298 -5.37997  5.72937  84.2388
 28.2953  26.7474 -10.5008        0        0        0  26.5072 -19.0665  56.2904 -6.15071  4.02979  75.1294
 24.3807  24.1613 -4.18362        0        0        0  21.6796 -16.0193  46.2888 -5.87383  1.82231  66.6099
 21.2522  21.2727  3.13274        0        0        0   17.552 -13.8926  39.2135 -5.66083  -0.3913  59.2524
 18.6447  18.5833  9.90857        0        0        0  13.8814  -12.066  33.5744 -5.61226 -2.46097   52.733
 16.3004  16.4774  15.2479        0        0        0  10.4588 -10.2483  28.5921 -5.69792 -4.27612  46.7662
 13.9722  15.2652  18.7452        0        0        0  7.11197 -8.33824  24.0597 -6.02793 -5.66539   41.393
 11.5353  15.0137  20.9244        0        0        0  3.73869 -6.45067   20.215  -6.8866 -6.43156  37.1014
 9.35365  14.9282  24.5002        0        0        0 0.310277 -5.00457   16.837 -8.53554  -6.6311  34.7963
 9.05569  11.6872  36.1342        0        0        0 -3.58528 -4.45386  8.38447 -10.4068 -7.55987   35.098
  9.11452   8.61933   49.6212         0         0         0  -7.99439  -4.19679 -0.337779  -13.1364  -7.84059   37.4076
 8.94669  6.53619  62.6052        0        0        0  -13.154 -3.81435 -9.62977 -16.4617 -7.37708  40.7544
 8.47515  5.30978  75.1548        0        0        0 -19.2191 -3.24815 -20.0746   -20.25 -6.29395  44.8259
 7.89768  4.46933  88.5678        0        0        0 -26.2704 -2.61831 -31.9971 -24.6142  -4.6721  49.8956
 7.62438  3.31221  104.909        0        0        0 -34.3344 -2.08449 -45.6317 -30.0344  -2.4919  56.9217
 8.30189 0.817865  127.078        0        0        0 -43.3306 -1.81502 -60.9965 -37.7326 0.457106  68.1033
 10.8979 -4.55838   159.54        0        0        0 -52.8521  -2.1669 -76.7474 -50.6822  4.93794   88.451
 17.0836 -15.7787  210.503        0        0        0 -62.3018 -2.98169 -90.0506 -77.5062  14.3091  131.569
  20.3282  0.394335    51.436         0         0         0  0.726104 -0.504403   3.35725  -19.6947   0.97992   54.0537
 16.6171  15.0412 -22.7643  30.6754 -3.65013 0.573205  39.7352 -13.2094  68.1554 -2.71628  7.95847  58.6453
  15.8792   12.0965  -11.7701    21.321 -0.697298    10.296   36.4611  -13.4599   68.1636  -5.19868   6.58011   56.7568
 16.3466  8.83251 0.180407  15.6584 0.240994  15.4329  34.3486 -14.0881  68.4949 -4.12021  3.92865  50.5589
  18.6341   4.21134   16.5704   11.6711  0.384519   19.6469    34.658  -17.1273    75.567  -1.41305 0.0659708   43.5016
 23.9121 -3.31675  43.7287  6.85711   2.1192  28.4966  39.6521 -26.4857  99.6624  1.95642 -5.76433  37.9997
 31.7751 -6.06172  95.8893  14.8044   12.688 -4.39672        0        0        0 -37.3397  6.46302  110.875
 22.5592  1.19103   59.822  15.5299  9.87273 -7.16519        0        0        0 -23.1501 -1.72424  84.8487
 17.2991   5.1297  44.0099  13.3026  9.66798 -6.73412        0        0        0  -18.802 -4.62343  74.6046
 16.4282  6.18786  40.4182  10.0887  9.10727 -3.54126        0        0        0 -15.6645 -6.03979  67.0551
  16.6082   6.40367   39.8542   6.97866   8.48231 -0.356342         0         0         0  -13.5264  -6.67164   61.3811
 16.6814  6.47082  39.3279  4.12647  7.99443  2.38614        0        0        0 -11.8479 -7.08885   56.407
 16.4329  6.50424  38.2832  1.48665  7.57704  4.75105        0        0        0 -10.1962 -7.67567  51.1641
  15.8689   6.45461    36.714 -0.988863   7.07766   6.82129         0         0         0  -8.27176  -8.73897   44.9152
  14.952  6.24334  34.6151 -3.37233  6.41563  8.74155        0        0        0 -5.91581 -10.5643  37.1989
 13.6648   5.7556  32.2939 -5.84279  5.69226  10.8386        0        0        0 -3.29163 -13.2827  28.2212
 12.4667   4.7934  31.6887 -8.77111  5.35361  13.5099        0        0        0 -1.39313 -16.3207  19.8623
 12.5108  3.74249  37.6332 -12.4529   6.8925  15.4484        0        0        0 -3.18043 -16.6617  17.6438
  12.906   2.2591  45.4339 -16.9372  8.91976  18.6717        0        0        0 -5.27161 -17.6453  15.1644
  13.033 0.633847  53.0786 -22.1582  11.0626  23.2081        0        0        0 -6.93747 -19.9096  10.6161
    12.85 -0.985709   60.5569  -28.3165    13.445   29.4056         0         0         0  -8.35203  -23.2959   4.12177
 12.3484 -2.50477  68.3957 -35.8465  16.6749  38.2706        0        0        0 -10.0031 -27.5105 -3.27131
 11.2807 -3.74862  77.0975 -45.3957  21.9513  51.5314        0        0        0 -12.5667 -32.2198 -9.78113
  8.8417 -4.28611  86.6695 -57.8526  31.2876  71.6713        0        0        0  -17.042 -36.8834 -12.5403
 3.76162 -3.53809   96.803 -74.5016  47.5368  101.767        0        0        0 -25.4699 -39.9137 -6.16877
-4.43438 -1.56557  108.451 -97.0662  71.9675  140.097        0        0        0 -46.9202 -32.0387  28.1372
 39.3983 -2.37128  63.6492  1.67929 0.315869 -1.90877        0        0        0 -8.52865 0.683485    53.78
       0        0        0  66.1971 -21.6318  11.7494  33.8199  -9.7142   134.05  23.0782  40.5074    117.1
       0        0        0   61.076 -25.8534 -13.0567  21.9887 -12.7243  113.164  15.5428  27.9938  98.6965
       0        0        0  50.8163 -21.8328 -13.8527  15.8353 -10.5583  94.0674  12.8737   20.054  77.3779
       0        0        0  39.9236 -17.1755 -7.75411  11.8377 -7.60031  77.0551  10.0857  14.5263  61.3217
       0        0        0  29.4431 -12.3235  1.65076   8.5686 -4.65285  63.6458  7.36096  10.7297   48.677
       0        0        0  20.1897 -7.96412   11.383   5.5565 -2.19434  53.2868  4.77551  7.80512  38.3392
        0         0         0   12.4162  -4.41138   19.9886   2.74486 -0.286794   45.1264   2.46012   5.24253   29.2634
       0        0        0   6.1216  -1.9222  26.6237  0.16817  1.09327  38.4235 0.406743  2.74453  20.8826
        0         0         0    1.1169 -0.649889   31.0414  -2.20305   1.91494   32.8685  -1.48543  0.143237   13.0446
        0         0         0  -2.98922 -0.489542   33.9696   -4.4632   2.11023   28.7636  -3.35613  -2.54785   5.99662
         0          0          0   -6.81147  -0.608285    37.8526   -6.65529    1.84186    27.1353   -5.18154   -4.90336 -0.0298827
       0        0        0 -10.8833  1.89673  47.1175 -8.31015  2.61618  29.2122 -5.91093 -5.51088  -7.5359
       0        0        0 -14.8323  4.18823  57.8266 -9.73224  3.06371  33.2325 -6.70314 -5.83649 -14.0953
       0        0        0  -18.432  5.69325  67.9463 -10.9771  3.09349  37.9283   -7.583 -6.37599 -20.2909
       0        0        0 -21.7172  6.54227  77.1625  -12.072  2.84517   42.802 -8.50488 -7.14387  -26.375
       0        0        0 -24.8644  7.15979  86.3262 -13.0339  2.44812  47.9294 -9.41893 -7.95734 -32.1862
       0        0        0 -28.0973  8.23722  97.0822 -13.9572  1.90808   54.097 -10.2294 -8.55581 -37.3468
       0        0        0 -31.6477   10.829  111.656  -15.224 0.911347  63.4246 -10.8091 -8.62731 -41.2005
       0        0        0 -35.8164  16.3946  132.708 -17.8971 -1.55198  80.7044 -11.2121 -7.68401  -42.092
       0        0        0 -40.9759  27.8074  165.755 -23.5551 -7.75023  113.654 -10.7133 -5.38174 -40.4699
        0         0         0 -0.467561 -0.568738   47.6213   0.40882  0.189205   49.9062  0.238771  0.653879   5.36078
-0.611376  -1.51015   28.3621 -0.756407  0.792875   28.8606 -0.531477 -0.685763   31.2519 -0.940509   1.32266   33.3507
-0.676138  -1.39126   29.1133 -0.629479   1.20768    30.181 -0.310449 -0.921989   30.4554 -0.224287  0.686906   31.4372
-0.711293  -1.31547   28.8007 -0.660729   1.21398   29.9691 -0.455404 -0.975211   30.7029 -0.338619  0.687795    31.636
-0.672231  -1.19376   28.1966 -0.640432   1.09788    29.372 -0.474539 -0.877467   30.3936 -0.397758  0.669654   31.4398
 -0.49645 -0.870972   26.7387 -0.487784  0.800993   27.9329  -0.39591 -0.654324   29.4464 -0.364849  0.545546   30.6223
-0.958742 -0.142705   2.98814 -0.958369  0.127105    2.9808 -0.960024 -0.141636   2.99675 -0.959589  0.126649     2.993
 40.8268  21.7667 -41.1756  36.6239 -6.67559 -11.2606  21.1014 -9.78467  62.4876  18.3261  15.9806  85.2412
 32.3985  15.5365 -21.3061  28.9347 -4.34069   2.0204  16.7545 -8.98548  62.6713  14.0133  14.8125  82.4493
 26.1247  11.6699 -8.83976  23.3915  -2.7932  10.1198  13.9212 -7.92343  59.2328  11.7048  12.8538  75.6741
 21.0088  8.85175 0.625219  18.9194 -1.31425   16.771  11.6064 -7.09577  56.0674  10.0688  10.9804  69.4125
 16.3075  6.33149  10.9178  14.9394  1.08008  26.0051  9.33966 -7.16042  55.2749  8.99116  9.09469  64.6695
 11.8208 0.327779 -2.85073  11.2292  7.17638  80.1211   9.1383 -10.6219  82.8137        0        0        0
 8.53495 0.610609 -8.18264  8.69952 0.662387  60.3993   5.9441 -8.52988  83.3992        0        0        0
 5.63226 -1.10236 -6.44564  6.82502 -2.11572  52.1111  4.96689 -6.11102  78.9531        0        0        0
 3.27319 -2.23356 -1.88186  6.39138 -2.37504  49.5026   5.1179 -4.34507  71.9708        0        0        0
 1.34795 -2.86223  2.42446  6.68294 -2.10241  47.8257  5.30925 -3.54663  65.8144        0        0        0
-0.25094 -3.31158  6.07818  7.23606 -2.02359  45.5579  5.38693 -3.25591   60.712        0        0        0
-1.62022 -3.70915  9.23383  7.81668 -2.26101  42.4129  5.37831 -3.05586  56.0601        0        0        0
-2.85236 -4.02785  12.0075  8.27833 -2.74967  38.3574  5.28526 -2.60506  51.1768        0        0        0
-4.05185 -4.16877  14.4871  8.47603 -3.36818  33.3971  5.04662 -1.58776  45.5359        0        0        0
-5.36581 -4.06306  16.9554  8.23938 -3.88756  28.0069  4.51412 0.146607  39.0842        0        0        0
-7.01831 -3.99815  20.2571  7.39726 -3.85252  24.4626  3.43589  2.10532  32.6747        0        0        0
-9.39818 -5.79701   25.121  5.49658 -3.21617  28.3201  1.35913  2.07741  28.7417        0        0        0
 -12.264 -7.77993  31.1104  2.94454   -1.913  34.5505 -1.40968  2.61578  24.1237        0        0        0
   -15.615   -9.57831    37.6408  -0.236774 -0.0904787     41.488   -4.93683    4.34607    17.4986          0          0          0
 -19.548 -11.2929  44.8336 -4.10801  2.26842   49.319 -9.39685  7.23354  8.64081        0        0        0
-24.1757 -13.2799  53.3346 -8.82899    5.198  58.8874 -14.9594  11.0972 -1.95045        0        0        0
-29.5854 -16.1785  64.2312 -14.7147  8.59376  71.2178 -21.7242  15.7858 -13.2949        0        0        0
 -35.848 -21.0853  79.1422 -22.3879  12.0109  87.3168  -29.711   21.209 -23.8372        0        0        0
-43.2201 -29.8461  100.793 -33.1106  14.5458  108.268 -39.0331   27.126 -30.4317        0        0        0
-53.9299 -44.5098  134.817 -49.7898  15.4987  134.792 -51.6563  30.4046 -22.0217        0        0        0
 -0.818541 -0.0248756   -4.59474    13.2828   0.726052    55.0145    14.5095   0.337675    56.8257          0          0          0
  52.2279    19.374   21.2792         0         0         0   48.6598  -43.3716   104.861   20.6032 -0.112007    82.249
 41.8205   27.156 -4.23719        0        0        0    39.11 -33.0058   91.169 0.529146  4.68808   87.958
  35.033  27.8519 -9.17317        0        0        0   32.001 -24.8476  71.4489 -5.53826  4.82841  82.2856
  29.881   26.379 -6.24941        0        0        0  26.2414 -19.8921  56.6816 -6.52498  3.21936    73.81
 25.7886  24.0398 -0.38523        0        0        0   21.413 -16.8117  46.4622   -6.401   1.1646  65.8439
   22.471   21.4586   6.14971         0         0         0   17.2558  -14.5595   39.0235  -6.29775 -0.898168   58.9409
 19.6939  19.0537  12.1339        0        0        0  13.5497 -12.5918  33.0313 -6.33834 -2.83651  52.8266
 17.2157  17.1811  16.8343        0        0        0  10.0931 -10.6543  27.7726 -6.52001   -4.536  47.2665
 14.7977  16.1411  19.9453        0        0        0  6.71048 -8.66189  23.0664 -6.98266  -5.8147  42.3343
 12.3133   16.003  22.0246        0        0        0  3.29379 -6.72955    19.16 -8.03193 -6.46147  38.5157
  10.0958   15.9981   25.6029         0         0         0 -0.167827  -5.25831   15.8189  -9.87575  -6.53423   36.6121
 9.68503  12.8118  36.5352        0        0        0 -3.93436 -4.73637  7.52941 -11.6055 -7.48858  36.8675
  9.64178   9.75127   49.4197         0         0         0  -8.18495  -4.51466 -0.903949   -14.243  -7.77968    39.093
 9.42261  7.60965  62.0922        0        0        0  -13.163 -4.20495 -9.74641  -17.558 -7.31335  42.3945
 8.94758  6.26779  74.5718        0        0        0 -19.0165 -3.75805 -19.5872 -21.3874 -6.22961  46.4321
 8.39077   5.2674  88.0426        0        0        0 -25.8211 -3.28786 -30.7662  -25.817 -4.61657  51.4274
 8.12082  3.91842  104.408        0        0        0 -33.6015  -2.9344 -43.5431 -31.2969 -2.46218  58.2362
 8.69634  1.23351  126.239        0        0        0 -42.2981 -2.80347 -58.0478 -39.0073 0.428086  68.8362
 10.8209 -4.18611  157.002        0        0        0 -51.6272 -3.06064 -73.4036 -51.8843  4.78912  87.7437
 15.1977 -14.4857  201.183        0        0        0 -61.3922 -3.18595 -87.9587 -77.9573  13.8378  126.474
 21.0686  0.60509  51.0351        0        0        0 0.672726 -0.44003  3.11998  -20.636  0.90631   53.937
 17.6341  14.7311 -19.3148  31.7823 -4.21149 0.346223  39.6773 -13.6455  67.3397 -2.72783  7.47421  56.7801
  16.8336   11.7023  -8.42465   21.9407 -0.937455   10.2202   36.3422  -13.9765   67.2847  -5.41501   6.14838   55.2398
 17.2577  8.42638  3.37272  15.6655 0.388336  16.0808  34.2198 -14.5793  67.5193 -4.66379  3.68547  49.9828
 19.3491  3.94462  18.9882  11.1514 0.867792   20.953  34.2931 -17.3086  73.6077 -2.39743 0.153223  44.1388
 23.8648 -3.01958  43.3417  6.42928  2.56862  28.9936  38.2687 -25.5582  93.9794 0.340483 -5.09669  39.8885
 31.3107 -5.13181  90.9667  14.9101  12.5704 -4.10398        0        0        0 -36.1024  5.31844  104.075
 23.1029  1.12824   59.895  15.1475   10.363 -5.98243        0        0        0 -24.0694 -2.26626  83.3036
 18.2187  4.83758  45.9427  13.0767  10.4135 -5.74203        0        0        0 -20.0162 -5.21815  74.2934
 17.4027  5.95091  42.4944  10.1321  9.84024 -3.02842        0        0        0 -16.8187 -6.68535  67.2694
  17.5834   6.26934    41.655   7.20051   9.13143 -0.199274         0         0         0  -14.5016  -7.35192   61.8066
 17.6621  6.44235  40.7862  4.45308   8.5452  2.28566        0        0        0 -12.6235 -7.77912  56.9369
 17.4243  6.59077  39.3736  1.88074  8.02359  4.43759        0        0        0 -10.7767 -8.34786  51.7877
  16.8706   6.66865    37.412 -0.544307   7.41873   6.32076         0         0         0  -8.66529  -9.37031   45.6795
 15.9775  6.57827  34.9578 -2.88724  6.65848  8.07819        0        0        0 -6.13581 -11.1446  38.1998
 14.7551   6.1631  32.4237  -5.3377  5.85451  10.0486        0        0        0 -3.36357 -13.8239  29.5737
 13.6226  5.21501  31.6831 -8.31477  5.46856  12.6708        0        0        0 -1.36817 -16.8489  21.5909
  13.468  4.32255  36.9901 -12.2275  7.11778  14.7568        0        0        0 -3.12848 -17.1043  19.3137
 13.7017   2.9216  44.3081 -16.9977  9.29085  18.1829        0        0        0 -5.26055 -18.0171  16.9048
 13.7825  1.28874  51.7761  -22.523  11.6142  22.9368        0        0        0 -7.00171 -20.2415   12.615
   13.649 -0.404632   59.3109  -29.0109   14.2076   29.3416         0         0         0  -8.51077  -23.6245   6.49535
  13.2835  -2.06336   67.4072  -36.9189   17.6609   38.3593         0         0         0  -10.2723  -27.8893 -0.532471
 12.4492 -3.53458  76.5924 -46.9175   23.132  51.6068        0        0        0  -12.962 -32.7397 -6.88011
 10.3076 -4.39935  86.8479 -59.8934  32.5621  71.2891        0        0        0 -17.5706 -37.7075 -10.0205
 5.17095 -3.92364  97.1714 -77.0521  48.7036  99.7721        0        0        0 -26.1182 -41.2976 -5.27229
-4.76989 -1.55637  105.797 -100.245  72.7206  134.789        0        0        0 -47.2852  -34.213  23.3348
 39.0338 -1.74127  60.3726  1.71946 0.502037 -1.81781        0        0        0 -9.06794 0.743269  54.5489
       0        0        0    68.23 -23.0703  6.38393  34.1895 -8.99395  125.528  23.0956  39.8377  110.476
       0        0        0  60.7082 -25.4747 -10.2328  21.5231 -12.3671  108.599  14.8057  28.0739  95.1587
       0        0        0  49.8576 -20.8344 -8.80194  15.0418 -10.4299  91.6746  12.0531  20.3358  75.3763
       0        0        0   38.961 -16.1104 -2.40009  11.1217 -7.49015  76.1132  9.43182  14.9754  60.0312
       0        0        0   28.755 -11.5213  6.19285  7.99743 -4.61795  63.6348  6.89139  11.1781  47.8173
       0        0        0  19.8397 -7.49599  14.7608   5.1449 -2.24369  53.8824  4.49628  8.18177  37.7314
        0         0         0   12.3865  -4.26565   22.1723   2.48603 -0.416591   46.1235   2.35509   5.52238   28.8499
        0         0         0   6.35559   -2.0513   27.7707 0.0392657  0.885702   39.7292  0.451751   2.92503   20.6629
        0         0         0   1.53715 -0.994357   31.4165  -2.24144   1.62036   34.4771  -1.32088  0.228053   13.0414
        0         0         0   -2.4735 -0.993632   33.8659  -4.46489   1.70288   30.7091  -3.11151  -2.55839   6.23676
       0        0        0 -6.28522 -1.23598  37.4387 -6.64806  1.31224  29.3464 -4.89398 -5.00072 0.479078
       0        0        0 -10.3216  1.25946  46.0987 -8.14642  2.19749  31.1862 -5.52016 -5.53135 -6.72423
       0        0        0  -14.304  3.57401  56.3205 -9.46368  2.72843   34.955 -6.23882 -5.78924  -12.975
       0        0        0 -18.0111  5.15964  66.2413  -10.667  2.80415  39.5031 -7.07379 -6.27412 -18.8563
       0        0        0 -21.4628  6.14508  75.5364 -11.7658  2.57962  44.3188 -7.97499  -6.9951 -24.6285
       0        0        0 -24.8231  6.93724  84.9577 -12.7604   2.1973  49.4173  -8.8925 -7.76849  -30.146
       0        0        0 -28.3075  8.20462  95.9904 -13.7307  1.68399  55.4518 -9.73254 -8.33589 -35.0603
       0        0        0 -32.1329  10.9785  110.584 -15.0518 0.774514  64.2575 -10.3666 -8.39507 -38.8141
       0        0        0 -36.5458  16.6881  130.761 -17.8296 -1.44322  80.0951 -10.8433 -7.48245 -40.0757
       0        0        0 -41.6897  27.8814  159.845  -23.791 -7.16994   109.81 -10.4942 -5.29241 -39.5409
        0         0         0 -0.516753 -0.499752    48.322  0.304277 0.0152991   50.5606  0.301887  0.697246   5.31646
 -0.59976  -1.49219   28.2768 -0.748378  0.798932   28.9143 -0.534315  -0.70585   31.1755 -0.917648   1.28782   33.1604
-0.656385  -1.36677   28.9041 -0.615481   1.17822   30.0465 -0.305575 -0.937303   30.4339 -0.224948  0.688765   31.4952
-0.691298  -1.28553   28.6028 -0.647324   1.18625   29.8395 -0.442216 -0.969341   30.5946 -0.334755  0.685449   31.6297
-0.646999  -1.15352   27.9896  -0.62367   1.06501     29.24 -0.459237 -0.863027   30.2626 -0.392171  0.660326   31.4026
-0.470645 -0.833608   26.6136  -0.47102  0.770539   27.8777 -0.382841 -0.642879   29.3689 -0.360462  0.534332    30.618
-0.939514 -0.109456   2.81019 -0.939861  0.101506   2.81087 -0.940434 -0.109395   2.81917 -0.940889  0.102058   2.82497
 41.3664  21.9692 -37.5198  36.7513 -6.22485 -8.17624  20.8057 -9.79402  61.0313  17.6055   16.241  84.4173
  32.682  15.6797 -18.7677  28.9351 -4.03311   4.0177   16.386 -8.96874  60.9628  13.3933  14.8364  80.7985
 26.1874  11.6266  -6.5175  23.2855 -2.55636   11.695   13.528 -7.94669  57.8228  11.1642   12.792  73.9949
 20.9302  8.65842  2.79902  18.7833 -1.16847  17.8778   11.211 -7.18004  54.9741  9.62221  10.8436  67.7641
 16.1921   6.1799  12.4016  14.9242  1.06446  26.0259  8.99662 -7.33264  54.0646  8.79126  8.72155  62.5164
 12.0834 0.809767  -2.6235  12.2489  7.22076    77.46  9.77231 -10.3173  78.9937        0        0        0
 8.28756 0.540812 -7.04539  8.80834 0.601246  59.8891  5.80707 -8.43429  81.5201        0        0        0
 5.22725 -1.38095 -5.23652  6.63901 -2.13617  52.6918  4.67156 -6.00949   77.784        0        0        0
   2.8349     -2.52 -0.952013   6.19007  -2.34695   50.4467    4.8799  -4.24018   71.2459         0         0         0
0.910103 -3.10795  3.05374  6.54501 -2.04803  48.8793  5.17143 -3.42349  65.3669        0        0        0
-0.680092  -3.51359   6.42253   7.17481  -1.96358   46.6715   5.34493  -3.09955   60.4565         0         0         0
-2.04023 -3.87004  9.28717  7.83031 -2.21086  43.6006  5.42064 -2.86137  55.9832        0        0        0
-3.26433   -4.147  11.7539   8.3653 -2.71856  39.6565   5.4079 -2.37085  51.3156        0        0        0
-4.45597 -4.24165  13.9233  8.63927 -3.35312  34.8723  5.25795 -1.30699   45.961        0        0        0
-5.76331 -4.08191  16.1144  8.48681  -3.8667  29.7303  4.83244 0.489572  39.8743        0        0        0
-7.42119 -3.96043  19.1915   7.7336 -3.80517  26.3595  3.87444  2.50471   33.872        0        0        0
-9.83343 -5.81513   23.822  5.87872 -3.26057  29.8532  1.89589  2.39864  30.1483        0        0        0
 -12.7367  -7.85958    29.627   3.36957  -2.02508   35.6527 -0.747797   2.83692   25.8059         0         0         0
 -16.1206  -9.71411     36.01   0.23847 -0.243903   42.1807  -4.10729   4.45534   19.5969         0         0         0
-20.0891 -11.4821  43.0686 -3.58319  2.08634  49.5761 -8.36075  7.21785   11.275        0        0        0
-24.7754 -13.5209  51.4263 -8.27146  5.00487  58.6478 -13.6979  10.9455  1.26685        0        0        0
-30.2998 -16.4642  62.1319 -14.1585  8.43527   70.432 -20.2549   15.494 -9.55293        0        0        0
-36.7906 -21.3852  76.6712 -21.8938  11.9654  85.9413  -28.114  20.7918 -19.7836        0        0        0
-44.6327 -30.0428  97.1962 -32.8432  14.6276  105.903 -37.5269   26.691  -26.649        0        0        0
 -56.245 -44.0409  127.583 -50.1197  15.3589  129.372 -50.8375   30.822 -22.0161        0        0        0
-0.904827 0.0804797  -4.65603   13.8324  0.728309    55.243   15.0733  0.385629   56.9733         0         0         0
   53.519   21.8294   15.7276         0         0         0   48.2245  -42.4642   100.159   21.8346 -0.298009   80.1021
 43.3322  27.8996 -3.70661        0        0        0  38.5981 -33.0777  89.2027 0.548127  4.17234  86.1896
 36.5574  27.9238 -6.22281        0        0        0  31.6124 -25.3852  70.6539 -5.84497  4.17422   80.828
 31.3077  26.3263 -2.68205        0        0        0   25.925 -20.6112  56.3082   -7.014  2.57569  72.7804
 27.0807  24.1024  2.96411        0        0        0    21.12 -17.5368  46.1418 -7.00813 0.592556  65.1999
 23.6285  21.7115  8.95324        0        0        0  16.9641 -15.2089  38.6085 -6.97975 -1.39147  58.6116
 20.7358  19.4977  14.3385        0        0        0  13.2549 -13.1461  32.4992 -7.07714 -3.25844  52.7832
 18.1715  17.7871  18.5416        0        0        0  9.79609 -11.1278  27.1637 -7.32634 -4.89056  47.5254
 15.7017   16.869  21.3492        0        0        0  6.40844 -9.08391  22.4482 -7.89454 -6.09727  42.9355
 13.1934   16.817  23.3375        0        0        0  2.97578 -7.12901  18.6058 -9.10233  -6.6555  39.4865
 10.9516  16.8869   26.872        0        0        0 -0.49928 -5.64603  15.3836 -11.1045 -6.62167  37.8896
 10.4629  13.7316  37.1857        0        0        0 -4.13872 -5.15302   7.2659 -12.7054 -7.58983  38.1429
  10.3369    10.675   49.4872         0         0         0  -8.24686  -4.96047 -0.910034  -15.2547  -7.87505    40.321
  10.066    8.491  61.7959        0        0        0 -13.0731  -4.7068 -9.37783 -18.5584 -7.38484  43.6001
  9.5707  7.06437  74.1068        0        0        0 -18.7601 -4.35109 -18.7315 -22.4317 -6.27157   47.629
 9.00135  5.95173  87.4961        0        0        0 -25.3828 -3.99916 -29.3325 -26.9374 -4.62818  52.5862
 8.68232  4.48516  103.695        0        0        0 -32.9706 -3.76792 -41.4806 -32.4958 -2.44623  59.2355
  9.0883  1.71974  124.954        0        0        0 -41.4866 -3.70234 -55.4243 -40.2466 0.458094  69.3619
 10.7124 -3.61915  153.921        0        0        0 -50.7405 -3.81643 -70.6592 -53.0963  4.78986  87.0811
 13.6039 -13.0614  192.548        0        0        0 -60.8086 -3.39039 -86.2794 -78.6618   13.641  122.477
  21.8804    0.8444   50.5382         0         0         0  0.635197 -0.391468   2.95735  -21.5369  0.803499   53.7168
 18.4599  14.5692 -16.2711  32.1692 -4.37978  1.11928  39.5742  -13.967  66.1797 -2.95609  7.06118  55.1143
  17.5909   11.4511   -5.5543   22.0425 -0.907002   10.8104   36.1892  -14.3764   66.0778  -5.77211    5.7383   53.7792
 17.9837  8.13075  6.06641  15.3712 0.662603  16.9765  34.0623 -14.9552  66.2267  -5.2375  3.40397  49.2064
   19.92  3.72976   20.964  10.5683  1.31763  22.0694  33.9687 -17.4423  71.5603 -3.24561 0.103121   44.215
  23.8595  -2.83588   43.0584   6.07507   2.87832   29.2221   37.2364  -24.8917   89.2613 -0.876476   -4.7683   40.7461
 31.1986 -4.50827  87.4432  15.1228  12.4837 -4.11146        0        0        0 -35.3216  4.26578  98.5721
 23.6693  1.04123  59.9842  14.8362  10.8423 -5.12781        0        0        0 -24.8793  -2.9726  81.5518
 19.0929  4.59731  47.5361  12.7962   11.149 -4.86217        0        0        0 -21.1052 -5.95005  73.6041
 18.3509  5.78277  44.2122  10.0525  10.5698 -2.46149        0        0        0 -17.8944 -7.40417  67.1289
  18.5481   6.21491   43.1043   7.28641   9.78444 0.0851505         0         0         0  -15.4375  -8.05524   61.9439
 18.6398  6.50256  41.8989  4.65591   9.1103  2.34195        0        0        0 -13.3834 -8.46078  57.2484
 18.4211   6.7665  40.1489  2.17105  8.49894  4.29622        0        0        0 -11.3595 -8.99264  52.2673
  17.8946   6.96005   37.8682 -0.183461   7.80652   6.00474         0         0         0   -9.0813  -9.96312   46.3816
 17.0508  6.96792  35.1666 -2.46977   6.9683  7.61348        0        0        0 -6.40092 -11.6805  39.2202
 15.9164  6.59951  32.5245 -4.88664  6.10424  9.46749        0        0        0 -3.49806 -14.3219   31.008
 14.8624  5.64062  31.7236 -7.88939  5.68579   12.014        0        0        0 -1.41074 -17.3476   23.434
  14.569  4.85434  36.5797 -11.9883  7.44017  14.1254        0        0        0 -3.15665 -17.5303  21.1765
 14.6816  3.49444   43.538 -16.9972  9.74407  17.6041        0        0        0 -5.32145 -18.4022  18.8441
 14.7376  1.82317  50.8917 -22.7901  12.2234  22.4277        0        0        0 -7.11928 -20.6252  14.7634
  14.6662 0.0308978   58.5105  -29.5799   14.9925   28.8935         0         0         0  -8.69978  -24.0466   8.93476
 14.4363 -1.78248  66.8452 -37.8413   18.624   37.912        0        0        0 -10.5434 -28.4048  2.16805
 13.8063 -3.47355  76.4113 -48.2632  24.2439  50.9956        0        0        0 -13.3253 -33.4353  -4.1177
 11.8943 -4.62213  87.1452  -61.738  33.7535  70.1297        0        0        0 -18.0396 -38.7286 -7.66303
 6.68106 -4.36176  97.5579 -79.4445  49.9029  97.1923        0        0        0 -26.7308  -42.857 -4.27909
-4.67974 -1.65763  103.965 -103.459  73.9572  129.594        0        0        0 -48.0531 -36.2953  20.2456
 39.0671 -1.16296  57.6642  1.76833 0.688135 -1.75008        0        0        0 -9.60043 0.773399  55.0579
       0        0        0  70.2657 -24.5313  3.16977  34.6157 -8.61548  120.016  23.4015  39.7034  105.003
       0        0        0  60.8232 -25.5403 -7.88531  21.0571 -12.3406  105.586   14.318  28.2496  91.9523
       0        0        0  49.3535  -20.253 -4.71656  14.3604  -10.436  90.0087   11.479  20.6623  73.3358
       0        0        0  38.3459 -15.3894  1.90654  10.5041 -7.45641  75.3884  8.93433  15.4002   58.652
       0        0        0  28.2762 -10.9277  9.89183  7.49408 -4.60059  63.5357  6.50519  11.5879  46.8698
       0        0        0  19.5857 -7.11021  17.5499  4.76454 -2.26505  54.1914  4.23646  8.52307  37.0786
        0         0         0   12.3713   -4.0978   24.0122   2.22659 -0.482243   46.7025   2.21957    5.7791   28.4467
        0         0         0    6.5519  -2.08202    28.777 -0.114745  0.769061    40.525  0.428083   3.09719   20.5125
       0        0        0  1.89207 -1.19152  31.7937 -2.32288  1.43556  35.5047 -1.25304 0.318425  13.1613
       0        0        0 -2.03143 -1.32588  33.8368 -4.52218   1.4187  32.0115 -2.98203 -2.55246  6.63671
       0        0        0 -5.82912 -1.68817  37.1218 -6.70489 0.911552  30.8783 -4.73084 -5.07657  1.15484
       0        0        0 -9.83017 0.798198  45.2678 -8.05127   1.8955  32.5635 -5.25642 -5.53137 -5.77026
       0        0        0 -13.8402  3.12261  55.0541 -9.26396  2.49545  36.1708 -5.90152 -5.72779 -11.7638
       0        0        0 -17.6439  4.76269  64.7648 -10.4222  2.60365  40.6404 -6.68906 -6.17103 -17.4074
       0        0        0 -21.2498    5.848  74.0732 -11.5203  2.38903  45.4488 -7.56665 -6.86535 -22.9626
       0        0        0 -24.8123  6.76965  83.6468 -12.5438  2.00677   50.558 -8.48614 -7.62576 -28.2967
       0        0        0 -28.5407  8.17423  94.8331 -13.5575  1.50401  56.5052 -9.35702 -8.19506  -33.089
       0        0        0 -32.6407   11.077  109.365 -14.9267 0.661614  64.8852 -10.0488 -8.27635 -36.8691
       0        0        0 -37.3209  16.9193  128.814 -17.7971 -1.33957  79.5357 -10.6011 -7.41214 -38.5778
       0        0        0  -42.595  28.1136  155.064  -24.099 -6.66847  106.791  -10.418 -5.28905 -39.0843
        0         0         0 -0.512149 -0.451934    48.804  0.251378   -0.1151   51.0046  0.359141  0.748982   5.34174
-0.598781  -1.49797   28.2177 -0.740563  0.799546     28.93 -0.531202 -0.715451   31.1057 -0.889762   1.25264   32.9996
-0.643145  -1.36016   28.7388 -0.598376   1.15686   29.9279 -0.292887 -0.946508   30.4052 -0.209604  0.677413   31.5221
-0.672925  -1.26983   28.4354 -0.628602   1.16689   29.7245  -0.42076 -0.960534    30.504 -0.316397  0.675928   31.6222
-0.620511  -1.12686   27.8161  -0.60045   1.04232   29.1311 -0.433841 -0.846523   30.1607 -0.372315  0.649173   31.3855
-0.440181 -0.805821   26.5074 -0.445851  0.750103   27.8389 -0.357512 -0.628408   29.3172 -0.340995  0.524241   30.6412
 -0.931284 -0.0832515    2.67733  -0.931543  0.0821316    2.68291   -0.93144 -0.0839368    2.68613  -0.932144  0.0834386    2.69832
